0.188869
-2.077554
-1.133211
-2.927463
-0.849908
-2.455291
-1.699817
3.116331
0.000000
2.455291
-8.026914
-2.455291
-4.627280
-3.021897
-2.644160
-5.571622
-6.327096
-1.794251
2.360857
-0.661040
-2.360857
1.416514
0.000000
2.644160
-2.266423
-0.755474
-3.966240
-2.266423
-0.566606
-2.549726
0.188869
0.472171
0.094434
1.416514
2.644160
2.455291
2.360857
-1.699817
-4.343976
-3.021897
-3.116331
-3.399634
-4.155108
-6.610399
-4.532845
-1.699817
-1.133211
-3.305200
-5.477188
-2.927463
-1.888685
-1.322080
-1.133211
0.755474
-1.416514
0.094434
-1.038777
0.000000
-4.343976
-2.077554
0.661040
-1.038777
-0.661040
-1.983120
-0.661040
-0.944343
-0.188869
-1.510948
-0.849908
1.133211
-0.094434
4.343976
-1.983120
-1.983120
-0.472171
-1.416514
-2.360857
-1.038777
-0.188869
2.171988
4.343976
-5.099451
-1.416514
-2.833028
1.888685
-1.227646
-2.266423
1.510948
0.944343
-3.494068
-0.755474
-1.322080
-5.288320
4.060674
-0.377737
-1.888685
4.249542
2.077554
-1.510948
-0.566606
0.094434
-4.910583
-0.755474
1.510948
-1.133211
-4.249542
-1.699817
-0.849908
-4.438411
-2.833028
-3.021897
-5.571622
-1.983120
-2.927463
-0.472171
-4.343976
0.188869
-2.833028
1.133211
-0.566606
-3.494068
0.849908
-0.472171
-0.377737
0.755474
-0.283303
2.833028
0.755474
3.682937
-6.138228
-0.944343
-4.249542
-5.571622
-4.816148
0.283303
-2.549726
2.549726
-0.472171
1.416514
-3.777371
-6.232662
-6.327096
-8.026914
1.510948
-2.644160
-3.021897
0.472171
-2.833028
-0.094434
-2.360857
-3.871805
0.188869
-5.005017
-1.227646
-0.661040
0.566606
-4.343976
-2.455291
-0.283303
-1.699817
-2.738594
-0.944343
-0.566606
0.283303
0.188869
1.133211
-0.283303
-2.738594
-2.455291
-2.549726
-2.927463
-0.755474
-2.833028
-3.494068
-0.849908
-2.927463
-2.266423
-3.494068
-4.060674
0.094434
-0.377737
-5.005017
-0.755474
-1.416514
-0.377737
0.944343
-1.322080
0.849908
-3.021897
-1.510948
-3.399634
-0.849908
-1.416514
-1.416514
-4.627280
1.038777
0.849908
1.322080
0.000000
1.416514
-1.133211
-1.699817
0.944343
-0.755474
2.077554
-1.416514
0.377737
-3.021897
0.094434
-0.283303
-2.171988
-1.699817
-3.116331
-3.871805
-1.510948
0.283303
-4.060674
0.188869
-3.871805
-3.116331
-3.966240
-4.249542
-3.682937
1.322080
-1.605383
-1.983120
1.038777
0.094434
-3.399634
-1.227646
-2.266423
-1.322080
0.283303
0.283303
2.549726
2.833028
0.094434
-0.944343
0.472171
-3.021897
-1.794251
-0.566606
0.944343
1.699817
-1.322080
-0.094434
0.566606
-0.188869
-1.794251
-2.549726
-1.038777
-3.871805
-2.644160
-2.455291
0.377737
-4.155108
1.888685
-1.510948
-1.794251
-0.283303
-1.794251
-3.116331
-1.983120
1.605383
-0.472171
0.283303
-2.738594
-1.510948
-3.871805
-3.021897
-3.871805
-4.249542
-3.966240
-1.133211
-6.327096
-2.738594
-2.738594
-6.327096
-8.026914
-5.382754
-6.043794
-1.133211
-1.699817
-1.605383
-5.193885
-0.566606
-1.227646
-0.377737
-2.455291
-3.966240
-2.833028
-3.871805
-3.871805
-2.644160
-5.760491
-0.944343
-2.927463
-3.210765
-5.477188
-5.288320
1.794251
0.377737
5.760491
3.305200
5.666057
7.460308
4.721714
2.266423
3.399634
-1.227646
-1.794251
-2.549726
0.000000
-0.566606
6.232662
-1.133211
1.794251
-1.322080
-4.249542
-2.833028
-3.210765
0.944343
-3.305200
-4.532845
-5.949359
-6.421531
-1.605383
-1.888685
-0.094434
2.549726
-4.438411
-4.627280
-3.682937
-0.755474
-1.888685
-4.532845
-8.026914
-1.510948
-1.227646
-3.588502
-1.416514
-2.360857
-5.005017
-5.571622
-3.588502
-2.644160
-4.343976
-0.472171
-5.193885
-8.026914
-4.910583
-6.893702
-5.571622
-4.060674
-5.099451
-1.322080
-1.416514
-2.738594
-0.849908
-1.416514
-2.455291
0.661040
-4.249542
-1.794251
-4.343976
-1.227646
-1.699817
-0.661040
-4.249542
-1.888685
-2.927463
-5.382754
-5.193885
-3.021897
-5.666057
-2.549726
-3.966240
-2.549726
-0.283303
1.416514
-2.644160
-2.266423
-3.399634
-5.099451
-2.644160
-6.421531
-5.099451
-3.588502
-4.060674
-2.644160
-0.944343
-1.416514
0.377737
-1.416514
1.888685
-0.188869
-2.266423
-0.188869
3.399634
-1.322080
2.644160
2.549726
1.699817
-3.682937
-2.077554
3.399634
-3.021897
-1.888685
-1.699817
2.549726
-4.343976
-0.755474
6.610399
2.360857
2.644160
0.377737
3.021897
3.966240
1.133211
4.343976
-1.322080
3.305200
6.515965
5.666057
1.699817
-4.060674
0.283303
2.455291
-0.849908
0.944343
1.888685
-0.472171
-0.661040
2.738594
0.283303
2.266423
0.566606
0.661040
3.682937
1.794251
3.494068
1.699817
0.472171
-1.794251
0.849908
-0.188869
-1.605383
9.726730
2.738594
-1.888685
2.266423
0.094434
1.133211
1.888685
-1.699817
2.738594
-0.944343
4.060674
-1.510948
2.266423
-0.472171
-0.283303
0.849908
4.060674
3.305200
4.343976
0.661040
-1.416514
-0.944343
3.682937
1.794251
1.227646
-3.116331
3.682937
2.077554
5.005017
-0.377737
1.888685
2.549726
2.171988
3.210765
1.227646
4.060674
-1.983120
-3.494068
3.210765
-0.472171
7.554742
1.510948
0.000000
-2.644160
0.849908
2.738594
-3.777371
-0.944343
-2.266423
2.171988
-2.455291
-1.416514
2.644160
0.472171
-2.077554
1.416514
2.644160
5.571622
3.399634
2.077554
4.060674
3.494068
1.038777
-2.455291
0.661040
3.305200
-0.944343
3.399634
4.155108
-0.849908
-0.377737
5.949359
-0.188869
0.849908
4.910583
2.549726
3.305200
0.283303
-1.794251
2.644160
2.266423
4.816148
5.193885
4.343976
3.871805
-1.227646
0.472171
0.377737
0.000000
-3.210765
-6.327096
-0.377737
1.133211
-3.305200
0.377737
1.416514
12.370891
1.322080
2.927463
1.133211
-3.116331
1.133211
0.283303
2.549726
3.682937
2.644160
0.000000
-4.060674
-4.910583
-0.755474
0.000000
0.472171
1.510948
2.171988
-0.283303
0.661040
2.360857
-1.983120
-1.038777
0.377737
4.155108
2.171988
-0.849908
4.155108
-1.888685
6.327096
-3.494068
0.661040
1.227646
0.000000
-1.133211
-1.510948
3.871805
-1.416514
0.661040
-2.077554
-0.377737
3.305200
5.193885
-1.605383
6.988136
-0.566606
11.237679
3.682937
-0.944343
0.188869
2.833028
-1.699817
-4.155108
1.794251
3.210765
3.210765
2.077554
4.438411
0.094434
2.360857
-4.060674
3.494068
3.682937
1.510948
-0.849908
2.738594
-0.472171
2.171988
0.094434
-2.171988
7.365873
0.000000
9.065691
3.116331
3.588502
2.644160
2.360857
3.021897
2.455291
13.126365
-0.661040
0.188869
-2.549726
5.477188
2.266423
-3.305200
5.193885
5.005017
3.588502
6.138228
5.854925
-2.927463
1.605383
0.944343
5.193885
1.510948
0.472171
-2.077554
4.155108
0.472171
3.399634
0.849908
-3.777371
1.416514
2.171988
-0.094434
-0.377737
7.365873
0.094434
2.927463
0.094434
0.566606
3.116331
0.566606
1.605383
-0.661040
0.661040
-3.021897
0.000000
7.177005
-4.343976
3.682937
0.283303
0.377737
5.854925
-2.644160
0.188869
1.227646
-1.510948
-3.021897
8.687953
1.888685
0.661040
4.060674
0.755474
5.666057
0.849908
2.455291
3.021897
-1.699817
0.377737
0.661040
-1.510948
5.760491
1.133211
1.227646
-2.171988
-6.704834
1.322080
1.699817
0.944343
-1.794251
1.888685
3.494068
-3.966240
-2.077554
0.094434
6.138228
6.138228
0.944343
0.661040
3.305200
0.000000
-1.510948
3.210765
-0.472171
0.472171
4.721714
2.360857
-0.283303
2.171988
1.510948
-1.510948
0.000000
-3.210765
-1.227646
2.266423
5.760491
0.188869
3.682937
-0.377737
-1.416514
2.360857
-0.566606
-1.038777
0.944343
-3.116331
-2.927463
7.838045
7.082571
2.549726
-1.794251
0.094434
0.755474
3.777371
0.944343
1.322080
10.293336
-0.377737
5.949359
1.699817
2.266423
6.893702
6.043794
9.348993
0.283303
2.644160
0.944343
-1.133211
3.021897
4.532845
4.627280
-0.944343
7.177005
-2.266423
1.227646
7.082571
0.755474
9.065691
-2.455291
5.760491
2.171988
1.038777
1.510948
0.188869
1.322080
1.510948
3.966240
4.249542
2.549726
1.699817
2.360857
-1.794251
0.188869
-1.322080
1.416514
1.322080
-2.833028
-0.094434
4.532845
3.305200
6.421531
6.893702
0.283303
-0.849908
0.283303
0.661040
-0.566606
-1.322080
1.983120
2.738594
1.227646
0.283303
4.155108
5.193885
-0.661040
2.077554
-0.566606
4.532845
-2.738594
-2.927463
5.099451
6.988136
1.699817
0.188869
1.794251
0.188869
-0.188869
4.816148
-0.566606
5.666057
-2.549726
-1.605383
-1.605383
0.000000
3.871805
0.188869
-2.171988
-3.305200
0.849908
0.566606
1.133211
-0.755474
5.099451
1.699817
3.494068
0.377737
1.416514
2.927463
-4.249542
1.227646
4.721714
-1.227646
7.554742
8.499084
5.005017
-3.021897
1.794251
0.472171
0.283303
3.777371
6.421531
4.060674
0.472171
-2.266423
2.549726
2.360857
2.455291
5.193885
1.416514
-3.399634
0.000000
0.755474
-4.910583
-1.794251
-2.077554
3.871805
1.510948
1.888685
1.038777
2.455291
-2.927463
1.038777
-0.188869
-2.549726
0.755474
0.472171
-1.038777
-4.627280
5.288320
-0.188869
-2.360857
-1.416514
3.494068
1.322080
-0.094434
2.360857
4.532845
1.605383
6.232662
0.188869
-1.416514
0.377737
1.038777
-4.060674
0.283303
1.605383
1.699817
5.760491
3.399634
1.699817
3.116331
0.755474
1.888685
3.588502
6.138228
5.854925
2.549726
-1.510948
4.627280
1.510948
2.644160
3.116331
1.416514
5.288320
1.227646
1.794251
0.094434
1.416514
-1.605383
-2.266423
-3.871805
-4.249542
2.549726
0.094434
1.605383
-0.094434
5.854925
3.021897
-1.605383
-0.472171
-1.983120
-3.021897
-2.549726
-1.605383
-0.566606
4.721714
-2.549726
-3.116331
-1.699817
-1.983120
1.322080
0.188869
0.094434
-0.377737
-0.377737
3.494068
-0.755474
1.322080
-1.794251
0.755474
1.983120
-0.283303
-1.416514
-2.360857
-1.038777
-0.755474
-0.472171
-2.360857
-3.021897
-0.188869
-1.133211
0.661040
0.094434
-0.944343
0.661040
-1.227646
2.266423
1.888685
-0.377737
-0.849908
-3.305200
-0.849908
7.838045
1.510948
3.021897
-1.038777
-1.227646
2.266423
2.077554
-3.021897
-3.777371
0.094434
-1.416514
-0.094434
-1.794251
-1.699817
-2.738594
5.571622
1.227646
0.283303
-1.038777
-4.532845
-4.721714
-0.755474
-2.833028
-1.038777
-0.661040
-3.777371
-5.193885
-5.382754
-3.399634
-4.721714
-2.833028
0.094434
-1.416514
5.288320